-21.000000 -43.000000 -30.000000 -2.000000
1019.000000 2109.000000 1464.000000 76.000000
103.000000 213.000000 148.000000 6.000000
1051.000000 2205.000000 1520.000000 84.000000
111.000000 221.000000 156.000000 14.000000
111.000000 237.000000 162.000000 8.000000
1135.000000 2349.000000 1630.000000 96.000000
1143.000000 2373.000000 1644.000000 98.000000
119.000000 245.000000 170.000000 16.000000
123.000000 253.000000 176.000000 12.000000
1331.000000 2717.000000 1898.000000 118.000000
1395.000000 2909.000000 2010.000000 134.000000
1407.000000 2877.000000 2008.000000 126.000000
1451.000000 2997.000000 2082.000000 118.000000
1463.000000 3045.000000 2106.000000 140.000000
1483.000000 3093.000000 2138.000000 126.000000
1523.000000 3109.000000 2172.000000 132.000000
1527.000000 3157.000000 2192.000000 126.000000
1551.000000 3229.000000 2234.000000 132.000000
1603.000000 3349.000000 2312.000000 152.000000
171.000000 349.000000 244.000000 12.000000
1751.000000 3589.000000 2502.000000 156.000000
179.000000 357.000000 252.000000 20.000000
1791.000000 3661.000000 2556.000000 154.000000
1807.000000 3757.000000 2600.000000 170.000000
187.000000 397.000000 272.000000 16.000000
1879.000000 3925.000000 2710.000000 176.000000
195.000000 405.000000 280.000000 24.000000
2019.000000 4141.000000 2886.000000 178.000000
2083.000000 4333.000000 2998.000000 194.000000
2135.000000 4373.000000 3050.000000 184.000000
2211.000000 4533.000000 3160.000000 192.000000
2223.000000 4637.000000 3204.000000 206.000000
2291.000000 4773.000000 3300.000000 212.000000
235.000000 493.000000 340.000000 16.000000
251.000000 509.000000 356.000000 32.000000
255.000000 509.000000 360.000000 14.000000
311.000000 629.000000 442.000000 16.000000
311.000000 677.000000 458.000000 28.000000
315.000000 645.000000 450.000000 26.000000
323.000000 645.000000 456.000000 20.000000
323.000000 653.000000 458.000000 34.000000
331.000000 693.000000 478.000000 30.000000
339.000000 701.000000 486.000000 38.000000
367.000000 797.000000 540.000000 30.000000
387.000000 837.000000 568.000000 36.000000
391.000000 805.000000 560.000000 34.000000
399.000000 813.000000 568.000000 42.000000
399.000000 829.000000 574.000000 36.000000
407.000000 837.000000 582.000000 44.000000
427.000000 885.000000 614.000000 30.000000
435.000000 885.000000 620.000000 24.000000
439.000000 901.000000 628.000000 34.000000
443.000000 933.000000 642.000000 34.000000
451.000000 909.000000 638.000000 54.000000
455.000000 917.000000 644.000000 50.000000
463.000000 973.000000 670.000000 40.000000
467.000000 957.000000 666.000000 58.000000
47.000000 93.000000 66.000000 4.000000
479.000000 989.000000 686.000000 56.000000
495.000000 1021.000000 710.000000 36.000000
499.000000 1077.000000 732.000000 40.000000
515.000000 1037.000000 730.000000 34.000000
519.000000 1045.000000 734.000000 60.000000
519.000000 1093.000000 752.000000 42.000000
543.000000 1117.000000 776.000000 66.000000
55.000000 117.000000 80.000000 6.000000
559.000000 1165.000000 806.000000 40.000000
567.000000 1189.000000 820.000000 42.000000
595.000000 1277.000000 870.000000 54.000000
627.000000 1277.000000 894.000000 38.000000
639.000000 1293.000000 908.000000 42.000000
667.000000 1381.000000 958.000000 58.000000
683.000000 1397.000000 974.000000 74.000000
695.000000 1413.000000 990.000000 44.000000
707.000000 1517.000000 1034.000000 58.000000
727.000000 1557.000000 1062.000000 64.000000
763.000000 1573.000000 1094.000000 58.000000
783.000000 1613.000000 1122.000000 64.000000
783.000000 1677.000000 1144.000000 66.000000
795.000000 1669.000000 1150.000000 66.000000
807.000000 1637.000000 1146.000000 88.000000
807.000000 1685.000000 1164.000000 70.000000
831.000000 1709.000000 1188.000000 94.000000
859.000000 1773.000000 1232.000000 72.000000
875.000000 1821.000000 1260.000000 76.000000
883.000000 1797.000000 1256.000000 96.000000
899.000000 1845.000000 1284.000000 100.000000
907.000000 1869.000000 1300.000000 72.000000
939.000000 1965.000000 1356.000000 80.000000
951.000000 1973.000000 1368.000000 70.000000
975.000000 2045.000000 1410.000000 76.000000
END
